0.0
0.0
0.0
0.0
0.0
0.0
0.0
0.0
0.0
0.0
0.0
0.0
0.0
0.0
0.0
0.0
0.0
0.0
0.0
0.0
0.0
0.0
0.0
0.0
0.0
0.0
0.0
0.0
0.0
0.0
0.0
0.0
0.0
0.0
0.0
0.0
0.0
0.0
0.0
0.0
0.0
0.0
0.0
0.0
0.0
0.0
0.0
0.0
0.0
0.0
0.0
0.0
0.0
0.0
0.0
0.0
0.0
0.0
0.0
0.0
0.0
0.0
0.0
0.0
0.0
0.0
0.0
0.0
0.0
0.0
0.0
0.0
0.0
0.0
0.0
0.0
0.0
0.0
0.0
0.0
0.0
0.0
0.0
0.0
0.0
0.0
0.0
0.0
0.0
0.0
0.0
0.0
0.0
0.0
0.0
0.0
0.0
0.0
0.0
0.0
0.03
0.053
0.109
0.146
0.166
0.209
0.254
0.267
0.326
0.344
0.389
0.427
0.468
0.497
0.531
0.578
0.614
0.614
0.67
0.736
0.774
0.791
0.834
0.897
0.911
0.961
1.016
1.043
1.043
1.115
1.178
1.216
1.25
1.289
1.34
1.355
1.423
1.474
1.515
1.543
1.608
1.671
1.708
1.757
1.819
1.856
1.877
1.964
2.016
2.063
2.102
2.146
2.211
2.251
2.297
2.358
2.386
2.427
2.455
2.483
2.53
2.559
2.599
2.633
2.647
2.703
2.72
2.765
2.808
2.841
2.863
2.906
2.917
2.979
3.008
3.008
3.063
3.079
3.096
3.108
3.119
3.129
3.147
3.165
3.176
3.19
3.207
3.22
3.233
3.238
3.264
3.275
3.275
3.306
3.314
3.333
3.333
3.333
3.333
3.333
3.333
3.333
3.333
3.333
3.333
3.333
3.333
3.333
3.333
3.333
3.333
3.333
3.333
3.333
3.333
3.333
3.333
3.333
3.333
3.333
3.333
3.333
3.333
3.333
3.333
3.333
3.333
3.333
3.333
3.333
3.333
3.333
3.333
3.333
3.333
3.333
3.333
3.333
3.333
3.333
3.333
3.333
3.333
3.333
3.333
3.333
3.333
3.333
3.333
3.333
3.333
3.333
3.333
3.333
3.333
3.333
3.333
3.356
3.384
3.415
3.441
3.464
3.501
3.525
3.543
3.575
3.615
3.636
3.665
3.689
3.727
3.749
3.777
3.805
3.829
3.87
3.889
3.902
3.919
3.933
3.944
3.957
3.963
3.988
3.998
4.015
4.026
4.039
4.057
4.064
4.08
4.096
4.104
4.118
4.126
4.148
4.156
4.167
4.167
4.167
4.167
4.167
4.167
4.167
4.167
4.167
4.167
4.167
4.167
4.167
4.167
4.167
4.167
4.167
4.167
4.167
4.167
4.167
4.167
4.167
4.167
4.167
4.167
4.167
4.167
4.167
4.167
4.167
4.167
4.167
4.167
4.167
4.167
4.167
4.167
4.167
4.167
4.167
4.135
4.115
4.1
4.054
4.027
3.999
3.976
3.948
3.938
3.887
3.865
3.839
3.803
3.778
3.753
3.725
3.704
3.667
3.641
3.608
3.601
3.585
3.569
3.555
3.541
3.53
3.53
3.5
3.492
3.481
3.462
3.444
3.432
3.432
3.409
3.391
3.377
3.363
3.349
3.343
3.342
3.342
3.342
3.341
3.341
3.34
3.339
3.339
3.339
3.338
3.338
3.337
3.337
3.336
3.336
3.335
3.335
3.334
3.334
3.333
3.333
3.333
3.333
3.333
3.333
3.333
3.333
3.333
3.333
3.333
3.333
3.333
3.333
3.333
3.333
3.333
3.333
3.333
3.333
3.333
3.333
3.333
3.333
3.333
3.333
3.333
3.333
3.333
3.333
3.333
3.333
3.333
3.333
3.333
3.333
3.333
3.333
3.333
3.333
3.333
3.333
3.333
3.333
3.333
3.333
3.333
3.333
3.333
3.333
3.333
3.333
3.333
3.333
3.333
3.333
3.333
3.333
3.333
3.333
3.333
3.333
3.342
3.342
3.372
3.38
3.399
3.413
3.429
3.448
3.457
3.474
3.493
3.502
3.52
3.535
3.549
3.568
3.584
3.595
3.611
3.584
3.561
3.542
3.531
3.502
3.469
3.449
3.449
3.409
3.377
3.367
3.334
3.316
3.293
3.275
3.241
3.229
3.205
3.178
3.147
3.123
3.102
3.09
3.09
3.044
3.029
3.012
2.997
2.987
2.956
2.94
2.916
2.903
2.883
2.866
2.843
2.826
2.817
2.795
2.778
2.798
2.8
2.821
2.832
2.849
2.865
2.881
2.888
2.902
2.924
2.93
2.952
2.962
2.973
2.991
3.005
3.022
3.035
3.047
3.056
3.075
3.092
3.098
3.118
3.125
3.147
3.16
3.17
3.186
3.199
3.204
3.228
3.246
3.258
3.273
3.282
3.301
3.315
3.326
3.333
3.351
3.37
3.382
3.396
3.407
3.419
3.419
3.451
3.462
3.48
3.492
3.504
3.521
3.532
3.548
3.564
3.573
3.573
3.605
3.611
3.611
3.611
3.611
3.611
3.611
3.611
3.611
3.611
3.611
3.611
3.611
3.611
3.611
3.611
3.611
3.611
3.611
3.611
3.611
3.611
3.611
3.611
3.584
3.574
3.56
3.55
3.54
3.528
3.52
3.506
3.496
3.486
3.477
3.463
3.453
3.444
3.429
3.419
3.409
3.406
3.379
3.366
3.366
3.282
3.256
3.228
3.202
3.202
3.148
3.106
3.078
3.039
3.012
2.994
2.96
2.932
2.892
2.866
2.826
2.803
2.786
2.764
2.753
2.733
2.725
2.701
2.678
2.662
2.642
2.621
2.604
2.592
2.574
2.557
2.535
2.52
2.503
2.48
2.464
2.443
2.432
2.423
2.419
2.403
2.394
2.383
2.37
2.356
2.346
2.334
2.326
2.315
2.302
2.295
2.277
2.277
2.257
2.245
2.242
2.222
2.234
2.248
2.263
2.275
2.287
2.305
2.318
2.324
2.34
2.355
2.369
2.38
2.399
2.416
2.424
2.441
2.455
2.471
2.471
2.49
2.487
2.482
2.462
2.462
2.432
2.432
2.406
2.389
2.383
2.365
2.353
2.334
2.32
2.309
2.297
2.278
2.266
2.253
2.236
2.222
2.222
2.222
2.222
2.222
2.222
2.222
2.222
2.222
2.222
2.222
2.222
2.222
2.222
2.222
2.222
2.222
2.222
2.222
2.222
2.222
2.219
2.209
2.194
2.183
2.162
2.153
2.144
2.126
2.108
2.095
2.083
2.063
2.051
2.039
2.026
2.009
1.995
1.981
1.964
1.951
1.95
1.965
1.976
1.993
2.006
2.024
2.037
2.048
2.063
2.066
2.09
2.097
2.121
2.129
2.143
2.154
2.176
2.188
2.202
2.207
2.242
2.269
2.292
2.317
2.35
2.376
2.396
2.432
2.455
2.455
2.513
2.524
2.524
2.588
2.613
2.646
2.658
2.692
2.729
2.753
2.778
2.79
2.809
2.815
2.832
2.851
2.864
2.864
2.891
2.907
2.92
2.934
2.949
2.959
2.975
2.987
2.993
3.018
3.025
3.036
3.061
3.061
3.078
3.097
3.116
3.128
3.141
3.158
3.166
3.182
3.193
3.208
3.208
3.239
3.247
3.265
3.277
3.29
3.309
3.316
3.333
3.333
3.333
3.333
3.333
3.333
3.333
3.333
3.333
3.333
3.333
3.333
3.333
3.333
3.333
3.333
3.333
3.333
3.333
3.333
3.333
3.333
3.333
3.333
3.333
3.333
3.333
3.333
3.333
3.333
3.333
3.333
3.333
3.333
3.333
3.333
3.333
3.333
3.333
3.333
3.333
3.321
3.309
3.296
3.278
3.264
3.258
3.239
3.239
3.216
3.2
3.182
3.182
3.157
3.14
3.134
3.115
3.097
3.082
3.067
3.057
3.07
3.074
3.095
3.112
3.124
3.137
3.155
3.169
3.18
3.194
3.211
3.224
3.237
3.25
3.267
3.267
3.289
3.303
3.322
3.333
3.333
3.333
3.333
3.333
3.333
3.333
3.333
3.333
3.333
3.333
3.333
3.333
3.333
3.333
3.333
3.333
3.333
3.333
3.333
3.611
3.633
3.633
3.684
3.712
3.712
3.758
3.777
3.813
3.824
3.824
3.883
3.913
3.928
3.958
3.981
4.013
4.037
4.057
4.068
4.113
4.12
4.12
4.142
4.15
4.16
4.16
4.175
4.187
4.194
4.208
4.215
4.226
4.23
4.242
4.251
4.26
4.271
4.275
4.287
4.293
4.302
4.311
4.318
4.321
4.334
4.342
4.346
4.356
4.363
4.363
4.372
4.384
4.388
4.394
4.403
4.41
4.418
4.425
4.432
4.441
4.451
4.464
4.469
4.493
4.499
4.51
4.532
4.542
4.56
4.569
4.577
4.601
4.613
4.613
4.643
4.654
4.668
4.673
4.692
4.704
4.722
4.722
4.722
4.722
4.722
4.722
4.722
4.722
4.722
4.722
4.722
4.722
4.722
4.722
4.722
4.722
4.722
4.722
4.722
4.722
4.722
4.726
4.739
4.753
4.753
4.784
4.797
4.811
4.811
4.842
4.855
4.871
4.886
4.899
4.913
4.928
4.937
4.957
4.97
4.98
5.0
5.0
5.0
5.0
5.0
5.0
5.0
5.0
5.0
5.0
5.0
5.0
5.0
5.0
5.0
5.0
5.0
5.0
5.0
5.0
5.0
5.0
5.0
5.0
5.0
5.0
5.0
5.0
5.0
5.0
5.0
5.0
5.0
5.0
5.0
5.0
5.0
5.0
5.0
5.0
5.0
5.0
5.0
5.0
5.0
5.0
5.0
5.0
5.0
5.0
5.0
5.0
5.0
5.0
5.0
5.0
5.0
5.0
5.0
5.0
5.0
5.0
5.0
5.0
5.0
5.0
5.0
5.0
5.0
5.0
5.0
5.0
5.0
5.0
5.0
5.0
5.0
5.0
5.0
5.0
5.0
5.0
4.981
4.964
4.964
4.939
4.939
4.908
4.901
4.883
4.865
4.857
4.846
4.823
4.809
4.796
4.79
4.767
4.76
4.76
4.736
4.7
4.676
4.676
4.626
4.602
4.565
4.539
4.514
4.482
4.462
4.433
4.406
4.373
4.36
4.326
4.29
4.29
4.239
4.239
4.239
4.171
4.138
4.116
4.08
4.058
4.034
4.001
3.977
3.972
3.931
3.91
3.879
3.855
3.822
3.812
3.778
3.746
3.725
3.703
3.669
3.651
3.637
3.616
3.603
3.589
3.568
3.555
3.539
3.519
3.503
3.491
3.477
3.455
3.438
3.422
3.407
3.399
3.377
3.357
3.341
3.337
3.343
3.364
3.364
3.387
3.411
3.419
3.436
3.448
3.464
3.478
3.491
3.509
3.521
3.533
3.546
3.565
3.578
3.589
3.608
3.615
3.632
3.645
3.656
3.673
3.673
3.703
3.71
3.727
3.74
3.751
3.768
3.781
3.798
3.804
3.822
3.835
3.853
3.859
3.87
3.889
3.889
3.889
3.889
3.889
3.889
3.889
3.889
3.889
3.889
3.889
3.889
3.889
3.889
3.889
3.889
3.889
3.889
3.889
3.889
3.889
3.902
3.913
3.932
3.938
3.957
3.966
3.989
3.989
4.014
4.03
4.044
4.056
4.073
4.081
4.1
4.111
4.125
4.142
4.146
4.167
4.167
4.167
4.167
4.167
4.167
4.167
4.167
4.167
4.167
4.167
4.167
4.167
4.167
4.167
4.167
4.167
4.167
4.167
4.167
4.167
4.167
4.167
4.167
4.167
4.167
4.167
4.167
4.167
4.167
4.167
4.167
4.167
4.167
4.167
4.167
4.167
4.167
4.167
4.167
4.167
4.167
4.174
4.191
4.208
4.217
4.234
4.25
4.261
4.273
4.288
4.306
4.317
4.33
4.35
4.357
4.375
4.387
4.409
4.419
4.419
4.444
4.444
4.444
4.444
4.444
4.444
4.444
4.444
4.444
4.444
4.444
4.444
4.444
4.444
4.444
4.444
4.444
4.444
4.444
4.444
4.444
4.444
4.444
4.444
4.444
4.444
4.444
4.444
4.444
4.444
4.444
4.444
4.444
4.444
4.444
4.444
4.444
4.444
4.444
4.444
4.444
4.444
4.444
4.444
4.444
4.444
4.444
4.444
4.444
4.444
4.444
4.444
4.444
4.444
4.444
4.444
4.444
4.444
4.444
4.444
4.444
4.45
4.469
4.477
4.501
4.516
4.527
4.546
4.552
4.564
4.584
4.595
4.613
4.613
4.64
4.651
4.676
4.689
4.701
4.716
4.722
4.722
4.722
4.722
4.722
4.722
4.722
4.722
4.722
4.722
4.722
4.722
4.722
4.722
4.722
4.722
4.722
4.722
4.722
4.722
4.722
4.716
4.699
4.69
4.682
4.67
4.655
4.638
4.632
4.621
4.602
4.588
4.572
4.562
4.55
4.534
4.529
4.512
4.512
4.492
4.474
4.452
4.434
4.415
4.41
4.378
4.362
4.345
4.328
4.307
4.289
4.272
4.249
4.241
4.217
4.192
4.176
4.158
4.152
4.119
4.111
4.067
4.023
3.992
3.965
3.931
3.895
3.86
3.82
3.8
3.756
3.725
3.684
3.65
3.633
3.589
3.558
3.528
3.484
3.463
3.424
3.409
3.357
3.328
3.286
3.259
3.227
3.208
3.175
3.135
3.102
3.08
3.047
3.023
2.983
2.94
2.923
2.884
2.854
2.841
2.813
2.761
2.736
2.711
2.669
2.648
2.633
2.587
2.56
2.548
2.51
2.477
2.448
2.426
2.389
2.364
2.341
2.302
2.278
2.246
2.227
2.227
2.227
2.226
2.226
2.226
2.226
2.226
2.225
2.225
2.225
2.224
2.224
2.224
2.224
2.224
2.223
2.223
2.223
2.223
2.222
2.222
2.174
2.174
2.117
2.101
2.073
2.038
2.012
1.987
1.951
1.935
1.902
1.889
1.845
1.817
1.786
1.781
1.745
1.699
1.699
1.652
1.642
1.6
1.578
1.555
1.524
1.524
1.487
1.447
1.434
1.411
1.375
1.345
1.325
1.302
1.27
1.245
1.245
1.203
1.169
1.167
1.164
1.162
1.158
1.155
1.154
1.15
1.147
1.143
1.142
1.138
1.138
1.134
1.129
1.127
1.125
1.121
1.118
1.115
1.112
1.122
1.134
1.147
1.158
1.171
1.171
1.202
1.209
1.227
1.233
1.251
1.265
1.281
1.287
1.305
1.319
1.336
1.35
1.367
1.379
1.389
1.389
1.389
1.389
1.389
1.389
1.389
1.389
1.389
1.389
1.389
1.389
1.389
1.389
1.389
1.389
1.389
1.389
1.389
1.389
1.389
1.389
1.389
1.389
1.389
1.389
1.389
1.389
1.389
1.389
1.389
1.389
1.389
1.389
1.389
1.389
1.389
1.389
1.389
1.389
1.389
1.389
1.389
1.357
1.34
1.325
1.317
1.298
1.29
1.275
1.253
1.24
1.234
1.213
1.193
1.183
1.164
1.151
1.144
1.119
1.111
1.111
1.111
1.111
1.111
1.111
1.111
1.111
1.111
1.111
1.111
1.111
1.111
1.111
1.111
1.111
1.111
1.111
1.111
1.111
1.111
1.093
1.081
1.069
1.051
1.039
1.031
1.015
0.996
0.989
0.975
0.959
0.941
0.928
0.916
0.904
0.891
0.877
0.855
0.847
0.833
0.833
0.833
0.833
0.833
0.833
0.833
0.833
0.833
0.833
0.833
0.833
0.833
0.833
0.833
0.833
0.833
0.833
0.833
0.833
0.833
0.833
0.833
0.833
0.833
0.833
0.833
0.833
0.833
0.833
0.833
0.833
0.833
0.833
0.833
0.833
0.833
0.833
0.833
0.833
0.833
0.833
0.833
0.833
0.833
0.833
0.833
0.833
0.833
0.833
0.833
0.833
0.833
0.833
0.833
0.833
0.833
0.833
0.833
0.833
0.833
0.833
0.806
0.74
0.688
0.645
0.636
0.563
0.563
0.479
0.449
0.393
0.353
0.31
0.259
0.259
0.202
0.129
0.129
0.129
0.0
0.0
0.0
0.0
0.0
0.0
0.0
0.0
0.0
0.0
0.0
0.0
0.0
0.0
0.0
0.0
0.0
0.0
0.0
0.0
0.0
0.0
0.0
0.0
0.0
0.0
0.0
0.0
0.0
0.0
0.0
0.0
0.0
0.0
0.0
0.0
0.0
0.0
0.0
0.0
0.0
0.0
0.011
0.031
0.044
0.061
0.075
0.079
0.103
0.115
0.128
0.143
0.153
0.163
0.184
0.193
0.211
0.223
0.237
0.253
0.268
0.29
0.313
0.325
0.357
0.398
0.418
0.45
0.486
0.509
0.521
0.571
0.597
0.621
0.651
0.671
0.698
0.739
0.757
0.795
0.821
0.844
0.868
0.906
0.929
0.943
0.988
0.988
1.039
1.065
1.085
1.126
1.149
1.175
1.204
1.235
1.261
1.293
1.316
1.336
1.376
1.405
1.426
1.457
1.475
1.512
1.526
1.561
1.589
1.611
1.634
1.659
1.681
1.728
1.753
1.786
1.799
1.822
1.868
1.893
1.917
1.944
1.987
2.06
2.105
2.142
2.227
2.281
2.314
2.371
2.443
2.49
2.539
2.608
2.656
2.702
2.772
2.826
2.852
2.925
2.993
3.049
3.054
3.074
3.08
3.095
3.118
3.135
3.146
3.163
3.163
3.193
3.207
3.221
3.233
3.233
3.264
3.278
3.29
3.305
3.321
3.333
3.371
3.408
3.469
3.5
3.535
3.593
3.629
3.671
3.704
3.758
3.796
3.832
3.89
3.923
3.969
4.018
4.037
4.098
4.147
4.192
4.226
4.284
4.327
4.366
4.423
4.466
4.508
4.545
4.582
4.648
4.665
4.73
4.793
4.832
4.878
4.932
4.952
4.992
5.033
5.033
5.131
5.126
5.118
5.118
5.108
5.103
5.09
5.085
5.078
5.07
5.064
5.059
5.05
5.045
5.039
5.031
5.023
5.015
5.009
5.001
4.993
4.976
4.963
4.949
4.932
4.918
4.913
4.899
4.882
4.863
4.851
4.838
4.831
4.814
4.793
4.783
4.765
4.753
4.741
4.722
4.722
4.704
4.686
4.677
4.657
4.647
4.627
4.613
4.601
4.601
4.576
4.559
4.559
4.529
4.522
4.505
4.49
4.474
4.463
4.463
4.422
4.399
4.37
4.37
4.311
4.311
4.265
4.228
4.216
4.179
4.144
4.118
4.095
4.067
4.045
4.007
3.985
3.951
3.926
3.902
3.889
3.889
3.889
3.889
3.889
3.889
3.889
3.889
3.889
3.889
3.889
3.889
3.889
3.889
3.889
3.889
3.889
3.889
3.889
3.889
3.894
3.903
3.92
3.932
3.945
3.958
3.972
3.986
4.001
4.008
4.023
4.036
4.054
4.062
4.077
4.094
4.1
4.117
4.135
4.142
4.149
4.174
4.19
4.202
4.22
4.228
4.242
4.261
4.272
4.285
4.304
4.31
4.336
4.342
4.36
4.38
4.392
4.406
4.425
4.433
4.452
4.46
4.48
4.48
4.504
4.515
4.524
4.538
4.538
4.574
4.586
4.599
4.616
4.616
4.63
4.648
4.67
4.684
4.695
4.711
4.725
4.734
4.753
4.764
4.778
4.794
4.798
4.819
4.831
4.849
4.858
4.867
4.886
4.904
4.904
4.933
4.946
4.952
4.971
4.982
5.0
5.0
5.0
5.0
5.0
5.0
5.0
5.0
5.0
5.0
5.0
5.0
5.0
5.0
5.0
5.0
5.0
5.0
5.0
5.0
5.0
5.009
5.026
5.039
5.05
5.05
5.085
5.088
5.107
5.125
5.135
5.154
5.161
5.18
5.194
5.208
5.225
5.236
5.245
5.264
5.278
5.278
5.278
5.278
5.278
5.278
5.278
5.278
5.278
5.278
5.278
5.278
5.278
5.278
5.278
5.278
5.278
5.278
5.278
5.278
5.278
5.555
5.574
5.581
5.6
5.608
5.632
5.644
5.66
5.67
5.686
5.703
5.715
5.728
5.746
5.754
5.77
5.782
5.802
5.803
5.827
5.835
5.858
5.858
5.882
5.9
5.913
5.925
5.94
5.953
5.966
5.982
5.997
6.008
6.019
6.035
6.05
6.066
6.071
6.091
6.098
6.132
6.155
6.183
6.21
6.243
6.255
6.276
6.319
6.34
6.374
6.402
6.428
6.461
6.473
6.51
6.533
6.568
6.592
6.627
6.652
6.665
6.675
6.7
6.713
6.728
6.741
6.755
6.769
6.78
6.786
6.805
6.82
6.836
6.849
6.866
6.88
6.891
6.908
6.921
6.928
6.944
6.957
6.975
6.987
7.001
7.017
7.031
7.031
7.055
7.063
7.081
7.093
7.105
7.124
7.129
7.153
7.164
7.172
7.192
7.201
7.222
7.236
7.249
7.263
7.275
7.281
7.301
7.314
7.335
7.346
7.357
7.376
7.388
7.4
7.413
7.43
7.443
7.456
7.473
7.489
7.497
7.487
7.477
7.467
7.46
7.441
7.432
7.419
7.409
7.399
7.388
7.373
7.362
7.344
7.34
7.34
7.314
7.304
7.289
7.274
7.256
7.226
7.203
7.194
7.147
7.119
7.108
7.056
7.028
7.019
6.976
6.942
6.914
6.914
6.86
6.828
6.801
6.773
6.759
6.713
6.686
6.695
6.706
6.709
6.727
6.739
6.741
6.756
6.77
6.779
6.789
6.798
6.811
6.822
6.83
6.84
6.853
6.866
6.875
6.887
6.898
6.9
6.902
6.905
6.907
6.908
6.911
6.912
6.915
6.918
6.919
6.923
6.926
6.927
6.93
6.932
6.935
6.936
6.938
6.942
6.944
6.944
6.944
6.944
6.944
6.944
6.944
6.944
6.944
6.944
6.944
6.944
6.944
6.944
6.944
6.944
6.944
6.944
6.944
6.944
6.944
6.944
6.944
6.944
6.944
6.944
6.944
6.944
6.944
6.944
6.944
6.944
6.944
6.944
6.944
6.944
6.944
6.944
6.944
6.944
6.944
6.944
6.944
6.962
6.975
6.991
7.005
7.019
7.035
7.046
7.064
7.073
7.084
7.107
7.12
7.132
7.152
7.164
7.18
7.196
7.202
7.222
7.206
7.196
7.178
7.171
7.148
7.134
7.128
7.108
7.091
7.079
7.066
7.054
7.034
7.023
6.978
6.978
6.952
6.929
6.877
6.877
6.818
6.771
6.718
6.683
6.644
6.594
6.561
6.561
6.474
6.436
6.416
6.363
6.363
6.274
6.238
6.202
6.15
6.112
6.099
6.086
6.074
6.061
6.043
6.031
6.025
6.002
5.989
5.977
5.961
5.952
5.94
5.929
5.907
5.899
5.881
5.869
5.863
5.863
5.833
5.833
5.833
5.833
5.833
5.833
5.833
5.833
5.833
5.833
5.833
5.833
5.833
5.833
5.833
5.833
5.833
5.833
5.833
5.833
5.833
5.833
5.833
5.833
5.833
5.833
5.833
5.833
5.833
5.833
5.833
5.833
5.833
5.833
5.833
5.833
5.833
5.833
5.833
5.833
5.833
5.851
5.868
5.884
5.897
5.912
5.923
5.932
5.949
5.967
5.98
5.992
6.006
6.024
6.041
6.055
6.066
6.084
6.098
6.111
6.111
6.111
6.111
6.111
6.111
6.111
6.111
6.111
6.111
6.111
6.111
6.111
6.111
6.111
6.111
6.111
6.111
6.111
6.111
6.111
6.093
6.072
6.0
5.979
5.926
5.871
5.849
5.798
5.757
5.73
5.681
5.629
5.598
5.534
5.5
5.46
5.426
5.39
5.336
5.291
5.257
5.235
5.235
5.173
5.149
5.138
5.099
5.067
5.04
5.018
4.993
4.97
4.933
4.922
4.895
4.85
4.828
4.815
4.768
4.748
4.722
4.67
4.628
4.59
4.551
4.509
4.462
4.452
4.377
4.345
4.293
4.285
4.217
4.174
4.159
4.084
4.065
4.025
3.97
3.924
3.863
3.824
3.78
3.704
3.656
3.603
3.552
3.504
3.427
3.381
3.331
3.284
3.226
3.183
3.136
3.059
2.985
2.937
2.88
2.818
2.783
2.765
2.723
2.703
2.687
2.654
2.633
2.608
2.577
2.565
2.532
2.5
2.475
2.46
2.434
2.4
2.373
2.35
2.335
2.301
2.278
2.269
2.262
2.24
2.227
2.227
2.203
2.187
2.175
2.175
2.15
2.139
2.12
2.108
2.094
2.079
2.073
2.053
2.044
2.025
2.017
2.013
2.01
2.006
2.002
1.998
1.995
1.99
1.987
1.987
1.981
1.976
1.972
1.969
1.966
1.962
1.958
1.954
1.951
1.948
1.944
1.982
2.004
2.031
2.068
2.09
2.09
2.15
2.175
2.198
2.222
2.257
2.285
2.308
2.339
2.367
2.389
2.414
2.437
2.474
2.5
2.513
2.556
2.584
2.61
2.632
2.632
2.693
2.707
2.747
2.764
2.801
2.824
2.855
2.879
2.912
2.938
2.949
2.99
3.021
3.051
3.061
3.073
3.087
3.104
3.117
3.128
3.148
3.159
3.167
3.178
3.203
3.216
3.223
3.247
3.259
3.266
3.279
3.302
3.314
3.32
3.345
3.357
3.364
3.383
3.401
3.407
3.426
3.438
3.458
3.469
3.481
3.499
3.513
3.524
3.542
3.555
3.568
3.58
3.586
3.611
3.611
3.611
3.611
3.611
3.611
3.611
3.611
3.611
3.611
3.611
3.611
3.611
3.611
3.611
3.611
3.611
3.611
3.611
3.611
3.611
3.611
3.611
3.611
3.611
3.611
3.611
3.611
3.611
3.611
3.611
3.611
3.611
3.611
3.611
3.611
3.611
3.611
3.611
3.611
3.611
3.611
3.611
3.611
3.611
3.611
3.611
3.611
3.611
3.611
3.611
3.611
3.611
3.611
3.611
3.611
3.611
3.611
3.611
3.611
3.611
3.611
3.594
3.589
3.57
3.556
3.543
3.526
3.518
3.501
3.501
3.471
3.458
3.451
3.433
3.421
3.402
3.391
3.379
3.361
3.348
3.333
3.314
3.278
3.255
3.229
3.194
3.176
3.155
3.155
3.09
3.057
3.033
3.004
2.972
2.948
2.923
2.888
2.882
2.844
2.809
2.778
2.756
2.705
2.674
2.614
2.592
2.541
2.501
2.448
2.41
2.389
2.334
2.296
2.253
2.227
2.171
2.127
2.092
2.037
2.005
1.969
1.935
1.915
1.879
1.865
1.818
1.797
1.765
1.742
1.714
1.682
1.666
1.624
1.605
1.572
1.557
1.538
1.499
1.462
1.44
1.421
1.389
1.369
1.362
1.341
1.328
1.322
1.308
1.29
1.271
1.259
1.245
1.231
1.213
1.199
1.199
1.174
1.156
1.144
1.137
1.111
1.1
1.088
1.075
1.064
1.045
1.03
1.019
1.002
1.002
0.977
0.977
0.947
0.937
0.928
0.916
0.899
0.88
0.868
0.863
0.844
0.833
0.777
0.726
0.726
0.726
0.599
0.562
0.527
0.477
0.451
0.402
0.363
0.321
0.288
0.233
0.192
0.156
0.104
0.066
0.049
0.0
0.0
0.0
0.0
0.0
0.0
0.0
0.0
0.0
0.0
0.0
0.0
0.0
0.0
0.0
0.0
0.0
0.0
0.0
0.0
0.0
0.0
0.0
0.0
0.0
0.0
0.0
0.0
0.0
0.0
0.0
0.0
0.0
0.0
0.0
0.0
0.0
0.0
0.0
0.0
0.0
0.0
0.027
0.086
0.161
0.242
0.277
0.356
0.425
0.475
0.508
0.587
0.606
0.713
0.743
0.822
0.881
0.906
1.006
1.065
1.111
1.111
1.111
1.111
1.111
1.111
1.111
1.111
1.111
1.111
1.111
1.111
1.111
1.111
1.111
1.111
1.111
1.111
1.111
1.111
1.111
1.122
1.139
1.152
1.169
1.182
1.188
1.199
1.225
1.235
1.253
1.265
1.277
1.295
1.301
1.313
1.327
1.337
1.357
1.374
1.389
1.389
1.389
1.389
1.389
1.389
1.389
1.389
1.389
1.389
1.389
1.389
1.389
1.389
1.389
1.389
1.389
1.389
1.389
1.389
1.389
1.389
1.416
1.493
1.544
1.568
1.647
1.728
1.777
1.85
1.886
1.951
2.026
2.063
2.125
2.186
2.231
2.318
2.364
2.435
2.481
2.517
2.571
2.617
2.63
2.687
2.744
2.776
2.815
2.831
2.906
2.956
3.001
3.038
3.074
3.118
3.166
3.202
3.249
3.28
3.333
3.358
3.393
3.417
3.443
3.461
3.495
3.527
3.552
3.58
3.58
3.626
3.658
3.658
3.717
3.74
3.775
3.797
3.82
3.855
3.871
3.889
3.933
3.955
3.985
4.009
4.009
4.068
4.093
4.115
4.136
4.17
4.182
4.217
4.251
4.275
4.299
4.332
4.354
4.354
4.387
4.387
4.458
4.485
4.485
4.548
4.576
4.601
4.628
4.668
4.691
4.716
4.754
4.78
4.803
4.83
4.867
4.867
4.919
4.955
4.976
5.004
5.015
5.034
5.046
5.058
5.063
5.082
5.093
5.117
5.124
5.136
5.153
5.164
5.183
5.183
5.213
5.225
5.231
5.252
5.265
5.278
5.291
5.309
5.315
5.334
5.346
5.352
5.378
5.393
5.401
5.419
5.429
5.444
5.456
5.474
5.485
5.499
5.508
5.532
5.544
5.556
5.568
5.587
5.599
5.611
5.624
5.636
5.655
5.667
5.685
5.692
5.711
5.727
5.739
5.754
5.765
5.772
5.797
5.808
5.82
5.833
5.795
5.772
5.749
5.712
5.686
5.664
5.642
5.616
5.579
5.556
5.519
5.496
5.472
5.446
5.41
5.386
5.362
5.339
5.339
5.278
5.278
5.22
5.22
5.172
5.136
5.114
5.091
5.06
5.042
5.005
4.982
4.969
4.921
4.897
4.873
4.849
4.824
4.79
4.768
4.756
4.709
4.692
4.659
4.624
4.601
4.574
4.552
4.513
4.493
4.468
4.433
4.409
4.384
4.372
4.323
4.297
4.274
4.237
4.214
4.203
4.176
4.189
4.2
4.212
4.23
4.236
4.26
4.272
4.285
4.297
4.31
4.331
4.331
4.358
4.371
4.383
4.396
4.402
4.419
4.419
4.467
4.485
4.514
4.55
4.577
4.588
4.635
4.659
4.688
4.688
4.745
4.768
4.792
4.818
4.853
4.878
4.901
4.925
4.945
4.945
5.0
5.018
5.035
5.052
5.065
5.074
5.088
5.106
5.112
5.132
5.141
5.154
5.173
5.185
5.201
5.213
5.213
5.241
5.241
5.261
5.281
5.292
5.303
5.303
5.338
5.35
5.362
5.379
5.385
5.401
5.421
5.427
5.427
5.459
5.475
5.488
5.495
5.513
5.531
5.539
5.556
5.556
5.556
5.557
5.557
5.558
5.559
5.559
5.559
5.56
5.56
5.561
5.562
5.562
5.562
5.563
5.563
5.564
5.565
5.565
5.565
5.553
5.54
5.52
5.507
5.49
5.477
5.464
5.452
5.443
5.427
5.405
5.401
5.379
5.364
5.364
5.339
5.326
5.306
5.294
5.278
5.253
5.228
5.205
5.165
5.141
5.117
5.081
5.056
5.03
5.004
4.98
4.943
4.917
4.901
4.901
4.832
4.808
4.777
4.748
4.724
4.686
4.632
4.615
4.563
4.528
4.477
4.425
4.425
4.341
4.334
4.297
4.226
4.19
4.136
4.097
4.058
4.03
3.975
3.947
3.89
3.849
3.795
3.695
3.645
3.571
3.515
3.515
3.372
3.34
3.261
3.229
3.229
3.064
2.994
2.922
2.866
2.809
2.748
2.672
2.614
2.573
2.511
2.486
2.428
2.385
2.325
2.298
2.241
2.203
2.139
2.096
2.057
1.996
1.966
1.917
1.855
1.835
1.778
1.733
1.67
1.664
1.641
1.629
1.613
1.604
1.586
1.572
1.569
1.544
1.534
1.519
1.509
1.491
1.491
1.462
1.449
1.442
1.423
1.407
1.395
1.331
1.27
1.27
1.137
1.055
1.027
0.953
0.847
0.785
0.721
0.721
0.574
0.514
0.445
0.365
0.298
0.241
0.155
0.155
0.036
0.0
0.0
0.0
0.0
0.0
0.0
0.0
0.0
0.0
0.0
0.0
0.0
0.0
0.0
0.0
0.0
0.0
0.0
0.0
0.0
0.0
0.0
0.0
0.0
0.0
0.0
0.0
0.0
0.0
0.0
0.0
0.0
0.0
0.0
0.0
0.0
0.0
0.0
0.0
0.0
0.0
0.0
0.0
0.0
0.0
0.0
0.0
0.0
0.0
0.0
0.0
0.0
0.0
0.0
0.0
0.0
0.0
0.0
0.0
0.0
0.0
0.006
0.018
0.03
0.047
0.062
0.08
0.093
0.106
0.113
0.137
0.144
0.164
0.173
0.196
0.202
0.202
0.237
0.247
0.266
0.278
0.291
0.308
0.321
0.332
0.349
0.365
0.38
0.392
0.407
0.407
0.435
0.441
0.459
0.477
0.49
0.499
0.514
0.531
0.545
0.556
0.556
0.556
0.556
0.556
0.556
0.556
0.556
0.556
0.556
0.556
0.556
0.556
0.556
0.556
0.556
0.556
0.556
0.556
0.556
0.556
0.556
0.556
0.556
0.556
0.556
0.556
0.556
0.556
0.556
0.556
0.556
0.556
0.556
0.556
0.556
0.556
0.556
0.556
0.556
0.556
0.568
0.586
0.592
0.592
0.622
0.64
0.655
0.664
0.664
0.696
0.707
0.724
0.73
0.749
0.764
0.781
0.788
0.806
0.815
0.833
0.865
0.88
0.915
0.939
0.971
0.982
1.018
1.048
1.075
1.075
1.127
1.132
1.167
1.195
1.233
1.25
1.25
1.301
1.333
1.365
1.378
1.391
1.41
1.419
1.419
1.456
1.47
1.484
1.501
1.512
1.512
1.542
1.554
1.576
1.589
1.593
1.62
1.636
1.647
1.667
1.654
1.643
1.635
1.613
1.601
1.588
1.572
1.56
1.547
1.529
1.52
1.507
1.491
1.481
1.463
1.451
1.438
1.42
1.415
1.396
1.393
1.411
1.423
1.43
1.446
1.467
1.48
1.494
1.506
1.518
1.532
1.545
1.561
1.567
1.59
1.603
1.614
1.62
1.643
1.648
1.667
1.667
1.667
1.667
1.667
1.667
1.667
1.667
1.667
1.667
1.667
1.667
1.667
1.667
1.667
1.667
1.667
1.667
1.667
1.667
1.667
1.667
1.667
1.667
1.667
1.667
1.667
1.667
1.667
1.667
1.667
1.667
1.667
1.667
1.667
1.667
1.667
1.667
1.667
1.667
1.667
1.667
1.667
1.667
1.667
1.667
1.667
1.667
1.667
1.667
1.667
1.667
1.667
1.667
1.667
1.667
1.667
1.667
1.667
1.667
1.667
1.667
1.655
1.635
1.621
1.61
1.59
1.58
1.562
1.545
1.53
1.519
1.5
1.487
1.475
1.456
1.44
1.43
1.413
1.398
1.389
1.389
1.389
1.389
1.389
1.389
1.389
1.389
1.389
1.389
1.389
1.389
1.389
1.389
1.389
1.389
1.389
1.389
1.389
1.389
1.389
1.383
1.363
1.35
1.337
1.318
1.304
1.292
1.274
1.265
1.246
1.231
1.231
1.231
1.19
1.17
1.163
1.144
1.13
1.111
1.111
1.111
1.111
1.111
1.111
1.111
1.111
1.111
1.111
1.111
1.111
1.111
1.111
1.111
1.111
1.111
1.111
1.111
1.111
1.111
0.831
0.817
0.8
0.789
0.781
0.763
0.757
0.733
0.721
0.702
0.697
0.676
0.66
0.648
0.635
0.623
0.606
0.592
0.581
0.561
0.561
0.573
0.591
0.603
0.619
0.628
0.645
0.658
0.663
0.687
0.687
0.687
0.724
0.732
0.752
0.765
0.765
0.793
0.808
0.827
0.832
0.844
0.844
0.882
0.893
0.908
0.918
0.936
0.956
0.966
0.985
0.997
1.003
1.027
1.039
1.055
1.069
1.081
1.089
1.111
1.135
1.159
1.194
1.221
1.242
1.258
1.302
1.315
1.351
1.387
1.412
1.434
1.457
1.494
1.518
1.544
1.568
1.604
1.604
1.604
1.678
1.707
1.721
1.749
1.766
1.798
1.824
1.84
1.859
1.889
1.899
1.932
1.96
1.979
2.0
2.023
2.04
2.06
2.09
2.11
2.131
2.175
2.202
2.244
2.275
2.308
2.34
2.355
2.397
2.397
2.468
2.499
2.525
2.565
2.59
2.622
2.661
2.688
2.688
2.732
2.79
2.824
2.871
2.88
2.935
2.99
3.037
3.071
3.106
3.157
3.174
3.228
3.265
3.318
3.356
3.375
3.428
3.48
3.516
3.551
3.583
3.597
3.613
3.622
3.647
3.66
3.673
3.686
3.708
3.721
3.721
3.746
3.771
3.785
3.799
3.817
3.817
3.838
3.856
3.877
3.891
3.891
3.928
3.941
3.953
3.972
3.978
3.978
4.008
4.027
4.039
4.051
4.071
4.082
4.09
4.112
4.122
4.132
4.149
4.167
4.179
4.194
4.214
4.226
4.237
4.257
4.267
4.283
4.292
4.309
4.322
4.338
4.352
4.357
4.357
4.393
4.406
4.418
4.43
4.447
4.459
4.462
4.481
4.498
4.508
4.52
4.536
4.548
4.56
4.57
4.587
4.597
4.609
4.619
4.637
4.647
4.664
4.67
4.682
4.698
4.699
4.701
4.702
4.703
4.704
4.706
4.706
4.708
4.709
4.71
4.711
4.713
4.714
4.715
4.717
4.718
4.719
4.72
4.721
4.725
4.742
4.743
4.767
4.78
4.797
4.806
4.822
4.837
4.853
4.864
4.879
4.884
4.901
4.921
4.942
4.951
4.97
4.988
5.0
5.0
5.0
5.0
5.0
5.0
5.0
5.0
5.0
5.0
5.0
5.0
5.0
5.0
5.0
5.0
5.0
5.0
5.0
5.0
4.977
4.938
4.908
4.878
4.84
4.818
4.782
4.759
4.726
4.726
4.654
4.629
4.61
4.57
4.548
4.524
4.494
4.458
4.429
4.406
4.389
4.357
4.336
4.313
4.303
4.264
4.228
4.207
4.189
4.145
4.113
4.09
4.081
4.049
4.012
3.962
3.91
3.879
3.852
3.795
3.777
3.752
3.752
3.67
3.627
3.599
3.564
3.53
3.518
3.488
3.429
3.392
3.363
3.344
3.322
3.311
3.298
3.282
3.235
3.217
3.204
3.186
3.176
3.165
3.136
3.123
3.103
3.089
3.071
3.056
3.06
3.096
3.102
3.12
3.132
3.149
3.163
3.173
3.187
3.198
3.214
3.22
3.238
3.262
3.274
3.286
3.299
3.304
3.319
3.357
3.377
3.407
3.429
3.435
3.483
3.502
3.531
3.564
3.572
3.606
3.635
3.655
3.679
3.699
3.733
3.751
3.773
3.773
3.816
3.883
3.883
3.961
4.041
4.075
4.158
4.199
4.199
4.316
4.356
4.382
4.444
4.497
4.517
4.579
4.678
4.722
4.761
4.786
4.817
4.85
4.888
4.912
4.942
4.976
4.989
5.051
5.075
5.09
5.09
5.152
5.192
5.225
5.277
5.258
5.158
5.12
5.074
5.035
4.987
4.968
4.902
4.902
4.85
4.79
4.762
4.713
4.69
4.646
4.592
4.561
4.522
4.488
4.431
4.376
4.359
4.275
4.22
4.185
4.124
4.075
4.041
3.968
3.928
3.886
3.886
3.802
3.763
3.727
3.692
3.634
3.634
3.631
3.629
3.628
3.626
3.625
3.624
3.622
3.62
3.619
3.617
3.616
3.614
3.613
3.611
3.658
3.682
3.723
3.743
3.754
3.79
3.817
3.866
3.889
3.912
3.933
3.955
3.985
4.028
4.053
4.053
4.094
4.106
4.177
4.249
4.277
4.331
4.357
4.396
4.396
4.476
4.515
4.538
4.58
4.603
4.627
4.627
4.699
4.72
4.72
4.72
4.72
4.72
4.72
4.72
4.72
4.72
4.72
4.72
4.72
4.72
4.72
4.72
4.72
4.72
4.72
4.72
4.72
5.742
5.783
5.869
5.905
5.945
5.989
6.05
6.091
6.11
6.175
6.205
6.269
6.317
6.317
6.429
6.464
6.504
6.543
6.606
6.623
6.673
6.692
6.703
6.715
6.727
6.736
6.758
6.771
6.79
6.806
6.82
6.831
6.848
6.861
6.872
6.889
6.902
6.915
6.926
6.944
6.944
6.944
6.944
6.944
6.944
6.944
6.944
6.944
6.944
6.944
6.944
6.944
6.944
6.944
6.944
6.944
6.944
6.944
6.944
6.944
6.944
6.944
6.944
6.944
6.944
6.944
6.944
6.944
6.944
6.944
6.944
6.944
6.944
6.944
6.944
6.944
6.944
6.944
6.944
6.941
6.941
6.92
6.895
6.881
6.869
6.852
6.844
6.827
6.815
6.796
6.796
6.765
6.746
6.734
6.72
6.708
6.688
6.676
6.662
6.662
6.598
6.56
6.537
6.513
6.488
6.457
6.436
6.417
6.386
6.36
6.336
6.314
6.304
6.271
6.241
6.218
6.199
6.178
6.16
6.139
6.125
6.113
6.085
6.066
6.051
6.036
6.018
6.004
5.982
5.969
5.944
5.927
5.913
5.895
5.873
5.855
5.842
5.811
5.785
5.767
5.748
5.71
5.674
5.674
5.627
5.604
5.57
5.531
5.518
5.492
5.443
5.42
5.394
5.37
5.332
5.307
5.278
5.278
5.278
5.278
5.278
5.278
5.278
5.278
5.278
5.278
5.278
5.278
5.278
5.278
5.278
5.278
5.278
5.278
5.278
5.278
5.278
5.278
5.278
5.278
5.278
5.278
5.278
5.278
5.278
5.278
5.278
5.278
5.278
5.278
5.278
5.278
5.278
5.278
5.278
5.278
5.278
5.278
5.262
5.251
5.232
5.203
5.189
5.167
5.153
5.141
5.128
5.113
5.101
5.082
5.077
5.039
5.036
5.022
4.991
4.972
4.957
4.941
4.913
4.913
4.892
4.878
4.864
4.847
4.834
4.824
4.806
4.789
4.776
4.762
4.748
4.737
4.727
4.73
4.755
4.768
4.779
4.801
4.811
4.811
4.838
4.857
4.869
4.882
4.894
4.906
4.919
4.936
4.953
4.967
4.975
4.986
5.009
5.021
5.028
5.039
5.064
5.077
5.09
5.1
5.121
5.138
5.155
5.166
5.183
5.196
5.208
5.221
5.233
5.24
5.266
5.277
5.29
5.308
5.321
5.339
5.352
5.365
5.38
5.397
5.407
5.416
5.438
5.45
5.468
5.479
5.493
5.499
5.519
5.53
5.542
5.56
5.565
5.59
5.602
5.614
5.625
5.645
5.658
5.669
5.686
5.688
5.713
5.727
5.738
5.748
5.762
5.781
5.792
5.808
5.821
5.833
5.833
5.833
5.833
5.833
5.833
5.833
5.833
5.833
5.833
5.833
5.833
5.833
5.833
5.833
5.833
5.833
5.833
5.833
5.833
5.833
5.843
5.854
5.871
5.871
5.902
5.913
5.929
5.942
5.957
5.968
5.986
5.999
6.017
6.017
6.045
6.055
6.073
6.087
6.093
6.111
6.13
6.143
6.154
6.165
6.183
6.198
6.201
6.221
6.237
6.251
6.27
6.286
6.292
6.311
6.323
6.332
6.353
6.366
6.378
6.394
6.402
6.417
6.433
6.445
6.445
6.445
6.489
6.5
6.519
6.531
6.544
6.553
6.575
6.588
6.6
6.615
6.625
6.645
6.655
6.667
6.685
6.696
6.709
6.72
6.737
6.75
6.763
6.769
6.791
6.803
6.81
6.833
6.844
6.856
6.873
6.886
6.899
6.909
6.922
6.922
6.944
6.944
6.944
6.944
6.944
6.944
6.944
6.944
6.944
6.944
6.944
6.944
6.944
6.944
6.944
6.944
6.944
6.944
6.944
6.944
6.947
6.959
6.977
6.988
6.997
7.019
7.038
7.052
7.064
7.076
7.095
7.107
7.113
7.136
7.151
7.165
7.18
7.189
7.21
7.222
7.237
7.251
7.264
7.278
7.278
7.305
7.317
7.337
7.35
7.361
7.378
7.386
7.402
7.417
7.432
7.444
7.46
7.471
7.487
7.5
7.5
7.5
7.5
7.5
7.5
7.5
7.5
7.5
7.5
7.5
7.5
7.5
7.5
7.5
7.5
7.5
7.5
7.5
7.5
7.5
7.5
7.5
7.5
7.5
7.5
7.5
7.5
7.5
7.5
7.5
7.5
7.5
7.5
7.5
7.5
7.5
7.5
7.5
7.5
7.5
7.508
7.52
7.536
7.543
7.564
7.575
7.593
7.6
7.618
7.631
7.642
7.662
7.673
7.685
7.704
7.716
7.729
7.747
7.753
7.762
7.783
7.795
7.812
7.824
7.835
7.853
7.866
7.872
7.89
7.901
7.916
7.924
7.946
7.946
7.969
7.977
7.998
8.009
8.009
8.033
8.033
8.056
8.056
8.056
8.056
8.056
8.056
8.056
8.056
8.056
8.056
8.056
8.056
8.056
8.056
8.056
8.056
8.056
8.056
8.056
8.062
8.078
8.088
8.098
8.111
8.131
8.148
8.161
8.173
8.186
8.198
8.218
8.225
8.245
8.248
8.273
8.284
8.3
8.314
8.323
8.333
8.333
8.333
8.333
8.333
8.333
8.333
8.333
8.333
8.333
8.333
8.333
8.333
8.333
8.333
8.333
8.333
8.333
8.333
8.333
8.325
8.307
8.283
8.269
8.246
8.229
8.204
8.19
8.163
8.15
8.124
8.106
8.082
8.061
8.045
8.045
8.001
7.981
7.961
7.947
7.92
7.903
7.857
7.826
7.807
7.76
7.713
7.683
7.634
7.612
7.569
7.525
7.51
7.476
7.416
7.381
7.351
7.34
7.287
7.238
7.222
7.222
7.222
7.222
7.222
7.222
7.222
7.222
7.222
7.222
7.222
7.222
7.222
7.222
7.222
7.222
7.222
7.222
7.222
7.222
7.222
7.222
7.222
7.222
7.222
7.222
7.222
7.222
7.222
7.222
7.222
7.222
7.222
7.222
7.222
7.222
7.222
7.222
7.222
7.222
7.222
7.222
7.222
7.222
7.222
7.222
7.222
7.222
7.222
7.222
7.222
7.222
7.222
7.222
7.222
7.222
7.222
7.222
7.222
7.222
7.222
7.222
7.222
7.235
7.252
7.256
7.277
7.289
7.303
7.325
7.338
7.351
7.373
7.373
7.398
7.417
7.428
7.45
7.465
7.488
7.5
7.5
7.5
7.5
7.5
7.5
7.5
7.5
7.5
7.5
7.5
7.5
7.5
7.5
7.5
7.5
7.5
7.5
7.5
7.5
7.5
7.5
7.48
7.461
7.448
7.437
7.423
7.406
7.391
7.377
7.365
7.347
7.334
7.327
7.327
7.296
7.279
7.266
7.247
7.234
7.222
7.189
7.178
7.145
7.138
7.104
7.07
7.044
7.025
6.992
6.983
6.951
6.919
6.897
6.873
6.845
6.823
6.803
6.803
6.75
6.725
6.709
6.709
6.676
6.662
6.645
6.627
6.614
6.597
6.593
6.572
6.556
6.535
6.52
6.505
6.493
6.471
6.458
6.437
6.423
6.416
6.389
6.365
6.322
6.289
6.233
6.208
6.182
6.12
6.082
6.049
6.011
5.975
5.928
5.915
5.857
5.828
5.828
5.757
5.713
5.693
5.622
5.588
5.522
5.494
5.429
5.397
5.341
5.298
5.26
5.195
5.152
5.107
5.052
5.013
4.971
4.971
4.887
4.827
4.802
4.764
4.705
4.604
4.544
4.474
4.389
4.363
4.243
4.21
4.114
4.03
3.973
3.973
3.848
3.756
3.696
3.653
3.569
3.482
3.424
3.336
3.324
3.312
3.299
3.281
3.268
3.257
3.239
3.235
3.22
3.203
3.185
3.173
3.16
3.154
3.134
3.116
3.116
3.088
3.079
3.07
3.068
3.097
3.114
3.152
3.174
3.21
3.233
3.257
3.283
3.308
3.332
3.368
3.405
3.418
3.455
3.481
3.516
3.538
3.562
3.597
3.626
3.662
3.689
3.722
3.788
3.829
3.883
3.901
3.962
4.009
4.045
4.087
4.127
4.17
4.17
4.261
4.299
4.333
4.368
4.427
4.45
4.455
4.474
4.491
4.504
4.516
4.527
4.541
4.557
4.57
4.582
4.6
4.612
4.63
4.643
4.655
4.659
4.684
4.684
4.713
4.722
4.722
4.689
4.678
4.664
4.653
4.635
4.63
4.612
4.603
4.587
4.571
4.561
4.546
4.528
4.516
4.498
4.486
4.475
4.462
4.444
4.399
4.337
4.294
4.251
4.199
4.143
4.122
4.057
4.012
3.952
3.909
3.847
3.796
3.766
3.732
3.668
3.668
3.576
3.493
3.447
3.417
3.387
3.361
3.329
3.289
3.261
3.218
3.202
3.158
3.114
3.088
3.057
3.015
2.982
2.958
2.958
2.886
2.886
2.823
2.796
2.746
2.707
2.665
2.613
2.581
2.528
2.507
2.455
2.397
2.358
2.32
2.281
2.24
2.226
2.154
2.116
2.06
2.042
1.999
1.945
1.945
1.945
1.945
1.945
1.945
1.945
1.945
1.945
1.945
1.945
1.945
1.945
1.945
1.945
1.945
1.944
1.944
1.944
1.944
1.944
1.993
2.028
2.083
2.193
2.255
2.312
2.4
2.464
2.523
2.566
2.67
2.733
2.76
2.885
2.885
2.998
3.057
3.147
3.232
3.291
3.321
3.369
3.392
3.416
3.45
3.464
3.5
3.533
3.546
3.579
3.603
3.622
3.666
3.677
3.725
3.725
3.771
3.771
3.831
3.853
3.853
3.903
3.931
3.963
3.993
4.025
4.048
4.087
4.114
4.138
4.166
4.197
4.227
4.251
4.285
4.306
4.306
4.35
4.395
4.42
4.444
4.498
4.542
4.557
4.613
4.651
4.698
4.744
4.783
4.822
4.876
4.876
4.968
4.994
5.044
5.067
5.067
5.176
5.223
5.257
5.286
5.313
5.344
5.357
5.398
5.41
5.449
5.462
5.501
5.527
5.559
5.566
5.597
5.636
5.644
5.69
5.707
5.735
5.767
5.793
5.793
5.833
5.849
5.856
5.881
5.889
5.907
5.919
5.932
5.957
5.97
5.983
5.99
6.012
6.022
6.042
6.051
6.067
6.087
6.101
6.114
6.151
6.17
6.2
6.223
6.257
6.282
6.306
6.335
6.366
6.389
6.423
6.448
6.472
6.484
6.53
6.554
6.578
6.593
6.638
6.663
6.675
6.689
6.701
6.701
6.733
6.748
6.763
6.769
6.793
6.807
6.813
6.833
6.849
6.862
6.881
6.895
6.907
6.914
6.933
6.944
6.944
6.944
6.944
6.944
6.944
6.944
6.944
6.944
6.944
6.944
6.944
6.944
6.944
6.944
6.944
6.944
6.944
6.944
6.944
6.944
6.944
6.944
6.944
6.944
6.944
6.944
6.944
6.944
6.944
6.944
6.944
6.944
6.944
6.944
6.944
6.944
6.944
6.944
6.944
6.86
6.668
6.649
6.637
6.624
6.607
6.599
6.581
6.568
6.55
6.543
6.525
6.525
6.494
6.482
6.471
6.451
6.439
6.427
6.417
6.401
6.389
6.347
6.316
6.287
6.27
6.239
6.229
6.189
6.155
6.128
6.093
6.093
6.031
6.019
5.98
5.957
5.937
5.891
5.866
5.833
5.827
5.81
5.803
5.78
5.768
5.753
5.733
5.724
5.709
5.699
5.68
5.668
5.657
5.639
5.625
5.617
5.598
5.591
5.573
5.567
5.556
5.532
5.52
5.509
5.492
5.479
5.468
5.45
5.438
5.423
5.411
5.396
5.387
5.369
5.359
5.342
5.33
5.318
5.302
5.294
5.278
5.254
5.217
5.185
5.161
5.141
5.111
5.086
5.045
5.009
4.982
4.956
4.921
4.891
4.864
4.84
4.813
4.787
4.746
4.722
4.699
4.665
4.654
4.615
4.607
4.56
4.535
4.502
4.479
4.479
4.424
4.394
4.371
4.346
4.311
4.294
4.262
4.251
4.204
4.192
4.147
4.115
4.023
3.962
3.924
3.844
3.81
3.732
3.676
3.619
3.577
3.506
3.452
3.403
3.352
3.283
3.224
3.203
3.135
3.058
3.058
3.058
3.058
3.058
3.058
3.058
3.058
3.058
3.058
3.058
3.058
3.058
3.058
3.058
3.058
3.058
3.058
3.058
3.058
3.058
2.222
2.204
2.186
2.179
2.162
2.156
2.135
2.124
2.124
2.093
2.076
2.064
2.054
2.033
2.02
2.007
1.996
1.983
1.964
1.952
1.944
1.922
1.922
1.922
1.888
1.888
1.854
1.843
1.826
1.819
1.807
1.79
1.771
1.758
1.752
1.73
1.722
1.704
1.689
1.677
1.671
1.681
1.691
1.703
1.716
1.726
1.741
1.749
1.749
1.773
1.784
1.798
1.809
1.818
1.831
1.841
1.85
1.864
1.877
1.882
1.898
1.91
1.96
1.985
1.995
2.047
2.07
2.097
2.121
2.158
2.182
2.207
2.246
2.268
2.298
2.322
2.361
2.385
2.398
2.445
2.445
2.496
2.526
2.559
2.584
2.609
2.646
2.672
2.685
2.733
2.76
2.785
2.809
2.848
2.872
2.904
2.927
2.963
2.99
3.015
3.015
3.061
3.081
3.095
3.106
3.112
3.132
3.152
3.162
3.18
3.191
3.204
3.216
3.235
3.248
3.266
3.273
3.291
3.291
3.311
3.333
3.36
3.387
3.399
3.435
3.477
3.501
3.532
3.557
3.58
3.617
3.641
3.672
3.692
3.729
3.756
3.778
3.812
3.839
3.863
3.889
3.906
3.912
3.912
3.943
3.96
3.972
3.976
3.996
4.001
4.025
4.032
4.048
4.068
4.079
4.094
4.106
4.121
4.134
4.147
4.147
4.167
4.19
4.201
4.209
4.23
4.246
4.246
4.272
4.285
4.297
4.311
4.323
4.335
4.359
4.366
4.386
4.402
4.415
4.427
4.444
4.444
4.42
4.406
4.389
4.376
4.365
4.35
4.334
4.323
4.309
4.294
4.282
4.274
4.251
4.239
4.234
4.216
4.197
4.191
4.172
4.156
4.144
4.131
4.119
4.102
4.102
4.082
4.061
4.049
4.038
4.019
4.007
3.995
3.979
3.965
3.954
3.937
3.937
3.913
3.901
3.889
3.871
3.858
3.84
3.829
3.818
3.799
3.792
3.778
3.762
3.744
3.73
3.72
3.702
3.702
3.675
3.661
3.647
3.634
3.625
3.611
3.611
3.611
3.611
3.611
3.611
3.611
3.611
3.611
3.611
3.611
3.611
3.611
3.611
3.611
3.611
3.611
3.611
3.611
3.611
3.611
3.599
3.581
3.569
3.555
3.555
3.527
3.514
3.502
3.488
3.471
3.456
3.456
3.434
3.415
3.403
3.389
3.37
3.358
3.352
3.333
3.333
3.333
3.333
3.333
3.333
3.333
3.333
3.333
3.333
3.333
3.333
3.333
3.333
3.333
3.333
3.333
3.333
3.333
3.333
2.778
2.77
2.752
2.74
2.722
2.712
2.712
2.679
2.671
2.655
2.637
2.624
2.612
2.605
2.581
2.575
2.556
2.544
2.525
2.519
2.5
2.464
2.439
2.428
2.392
2.358
2.335
2.31
2.31
2.251
2.239
2.192
2.174
2.144
2.132
2.083
2.055
2.033
2.033
1.988
1.946
1.933
1.933
1.908
1.908
1.878
1.867
1.849
1.84
1.829
1.807
1.8
1.783
1.769
1.759
1.739
1.728
1.717
1.697
1.697
1.673
1.667
1.703
1.737
1.761
1.793
1.818
1.841
1.851
1.892
1.927
1.952
1.974
1.993
2.03
2.058
2.079
2.105
2.127
2.163
2.174
2.174
2.24
2.267
2.285
2.315
2.348
2.388
2.411
2.436
2.473
2.497
2.522
2.554
2.587
2.612
2.625
2.663
2.703
2.728
2.754
2.778
2.758
2.744
2.733
2.718
2.701
2.69
2.681
2.658
2.652
2.633
2.62
2.62
2.592
2.581
2.559
2.545
2.534
2.52
2.508
2.5
2.5
2.5
2.5
2.5
2.5
2.5
2.5
2.5
2.5
2.5
2.5
2.5
2.5
2.5
2.5
2.5
2.5
2.5
2.5
2.5
2.518
2.53
2.536
2.554
2.565
2.582
2.587
2.608
2.621
2.627
2.644
2.66
2.673
2.683
2.696
2.701
2.724
2.729
2.746
2.759
2.76
2.76
2.762
2.763
2.764
2.765
2.766
2.767
2.768
2.769
2.77
2.771
2.771
2.773
2.774
2.774
2.775
2.776
2.777
2.778
2.778
2.778
2.778
2.778
2.778
2.778
2.778
2.778
2.778
2.778
2.778
2.778
2.778
2.778
2.778
2.778
2.778
2.778
2.778
2.778
2.778
2.778
2.778
2.778
2.778
2.778
2.778
2.778
2.778
2.778
2.778
2.778
2.778
2.778
2.778
2.778
2.778
2.778
2.778
2.778
2.77
2.751
2.74
2.723
2.717
2.696
2.691
2.673
2.655
2.65
2.631
2.614
2.601
2.588
2.582
2.565
2.554
2.533
2.528
2.514
2.5
2.458
2.429
2.421
2.382
2.346
2.346
2.289
2.257
2.229
2.205
2.178
2.141
2.119
2.119
2.068
2.034
2.006
1.98
1.944
1.931
1.925
1.912
1.901
1.876
1.863
1.856
1.84
1.824
1.809
1.809
1.781
1.778
1.755
1.742
1.724
1.712
1.699
1.687
1.675
1.664
1.647
1.634
1.616
1.604
1.59
1.58
1.562
1.551
1.539
1.522
1.511
1.498
1.483
1.468
1.454
1.449
1.449
1.416
1.405
1.389
1.389
1.389
1.389
1.389
1.389
1.389
1.389
1.389
1.389
1.389
1.389
1.389
1.389
1.389
1.389
1.389
1.389
1.389
1.389
1.389
1.389
1.389
1.389
1.389
1.389
1.389
1.389
1.389
1.389
1.389
1.389
1.389
1.389
1.389
1.389
1.389
1.389
1.389
1.389
1.389
1.389
1.389
1.389
1.389
1.389
1.389
1.389
1.389
1.389
1.389
1.389
1.389
1.389
1.389
1.389
1.389
1.389
1.389
1.389
1.389
1.389
1.389
1.389
1.389
1.389
1.389
1.389
1.389
1.389
1.389
1.389
1.389
1.389
1.389
1.389
1.389
1.389
1.389
1.389
1.389
1.389
1.389
1.393
1.408
1.417
1.425
1.436
1.445
1.453
1.461
1.461
1.481
1.489
1.495
1.506
1.52
1.527
1.538
1.547
1.565
1.592
1.621
1.663
1.69
1.728
1.761
1.792
1.806
1.859
1.876
1.922
1.931
1.987
2.019
2.039
2.039
2.111
2.134
2.162
2.195
2.237
2.279
2.331
2.372
2.407
2.465
2.482
2.542
2.558
2.617
2.676
2.711
2.755
2.766
2.843
2.883
2.918
2.961
2.998
3.055
3.067
3.081
3.092
3.103
3.126
3.128
3.153
3.159
3.178
3.178
3.198
3.221
3.229
3.25
3.26
3.278
3.29
3.302
3.322
3.333
3.344
3.394
3.421
3.443
3.443
3.481
3.52
3.542
3.587
3.61
3.637
3.665
3.688
3.726
3.726
3.78
3.81
3.835
3.862
3.889
3.893
3.917
3.929
3.942
3.953
3.964
3.982
3.994
4.005
4.011
4.031
4.048
4.061
4.071
4.088
4.09
4.113
4.122
4.137
4.137
4.167
4.167
4.14
4.124
4.111
4.098
4.085
4.068
4.054
4.039
4.025
4.012
3.993
3.979
3.979
3.953
3.934
3.928
3.909
3.895
3.889
3.889
3.889
3.889
3.889
3.889
3.889
3.889
3.889
3.889
3.889
3.889
3.889
3.889
3.889
3.889
3.889
3.889
3.889
3.889
3.9
3.913
3.913
3.936
3.951
3.962
3.973
3.984
4.004
4.014
4.025
4.04
4.046
4.069
4.082
4.087
4.106
4.112
4.134
4.139
4.151
4.152
4.153
4.154
4.154
4.155
4.156
4.157
4.157
4.158
4.159
4.16
4.161
4.162
4.162
4.163
4.164
4.165
4.166
4.166
4.172
4.186
4.194
4.217
4.232
4.242
4.256
4.275
4.289
4.299
4.306
4.324
4.337
4.357
4.37
4.375
4.395
4.416
4.426
4.444
4.444
4.444
4.444
4.444
4.444
4.444
4.444
4.444
4.444
4.444
4.444
4.444
4.444
4.444
4.444
4.444
4.444
4.444
4.444
4.444
4.726
4.737
4.753
4.765
4.778
4.79
4.809
4.821
4.826
4.851
4.859
4.859
4.889
4.902
4.919
4.926
4.947
4.961
4.975
4.986
5.0
5.0
5.0
5.0
5.0
5.0
5.0
5.0
5.0
5.0
5.0
5.0
5.0
5.0
5.0
5.0
5.0
5.0
5.0
5.0
5.0
5.0
5.0
5.0
5.0
5.0
5.0
5.0
5.0
5.0
5.0
5.0
5.0
5.0
5.0
5.0
5.0
5.0
5.0
5.0
5.0
5.0
5.0
5.0
5.0
5.0
5.0
5.0
5.0
5.0
5.0
5.0
5.0
5.0
5.0
5.0
5.0
5.0
5.0
5.0
5.0
5.0
5.012
5.023
5.044
5.055
5.06
5.084
5.098
5.109
5.123
5.134
5.146
5.165
5.178
5.183
5.209
5.216
5.233
5.244
5.244
5.278
5.278
5.278
5.278
5.278
5.278
5.278
5.278
5.278
5.278
5.278
5.278
5.278
5.278
5.278
5.278
5.278
5.278
5.278
5.278
5.278
5.278
5.278
5.278
5.278
5.278
5.278
5.278
5.278
5.278
5.278
5.278
5.278
5.278
5.278
5.278
5.278
5.278
5.278
5.278
5.266
5.257
5.236
5.23
5.217
5.206
5.188
5.167
5.164
5.152
5.129
5.123
5.1
5.087
5.075
5.063
5.046
5.035
5.022
5.017
5.0
4.988
4.963
4.95
4.937
4.924
4.907
4.899
4.882
4.869
4.857
4.857
4.825
4.814
4.795
4.789
4.765
4.765
4.748
4.725
4.705
4.675
4.652
4.626
4.597
4.568
4.568
4.534
4.485
4.473
4.436
4.41
4.389
4.351
4.329
4.319
4.291
4.249
4.225
4.19
4.167
4.117
4.111
4.037
3.989
3.942
3.942
3.871
3.828
3.794
3.738
3.7
3.65
3.607
3.581
3.521
3.491
3.453
3.416
3.361
3.327
3.311
3.298
3.285
3.28
3.26
3.242
3.228
3.217
3.205
3.194
3.186
3.162
3.162
3.133
3.12
3.108
3.096
3.096
3.064
3.062
3.062
3.085
3.102
3.114
3.126
3.143
3.155
3.168
3.18
3.192
3.202
3.223
3.234
3.247
3.264
3.27
3.287
3.305
3.317
3.328
3.341
3.353
3.365
3.378
3.402
3.415
3.427
3.443
3.458
3.471
3.483
3.501
3.514
3.524
3.536
3.552
3.57
3.582
3.594
3.611
3.611
3.611
3.611
3.611
3.611
3.611
3.611
3.611
3.611
3.611
3.611
3.611
3.611
3.611
3.611
3.611
3.611
3.611
3.611
3.611
3.624
3.64
3.648
3.665
3.682
3.693
3.704
3.716
3.728
3.749
3.76
3.775
3.788
3.8
3.812
3.82
3.843
3.854
3.854
3.878
3.9
3.928
3.961
3.961
4.01
4.024
4.072
4.096
4.12
4.157
4.181
4.204
4.222
4.268
4.292
4.316
4.328
4.377
4.403
4.426
4.453
4.46
4.477
4.489
4.507
4.519
4.531
4.547
4.547
4.571
4.583
4.595
4.614
4.629
4.638
4.654
4.667
4.681
4.697
4.711
4.722
4.722
4.722
4.722
4.722
4.722
4.722
4.722
4.722
4.722
4.722
4.722
4.722
4.722
4.722
4.722
4.722
4.722
4.722
4.722
4.722
4.741
4.749
4.761
4.761
4.797
4.801
4.825
4.833
4.843
4.86
4.872
4.897
4.909
4.922
4.934
4.952
4.964
4.964
4.986
5.0
4.959
4.951
4.911
4.894
4.848
4.827
4.793
4.78
4.746
4.71
4.687
4.657
4.637
4.602
4.592
4.548
4.525
4.492
4.468
4.438
4.415
4.393
4.359
4.34
4.299
4.277
4.254
4.254
4.188
4.165
4.129
4.118
4.078
4.07
4.02
3.997
3.962
3.938
3.914
3.889
3.878
3.859
3.847
3.83
3.817
3.811
3.787
3.775
3.769
3.756
3.733
3.72
3.708
3.69
3.678
3.667
3.657
3.636
3.624
3.611
3.611
3.611
3.611
3.611
3.611
3.611
3.611
3.611
3.611
3.611
3.611
3.611
3.611
3.611
3.611
3.611
3.611
3.611
3.611
3.611
3.611
3.593
3.579
3.561
3.546
3.534
3.517
3.504
3.504
3.481
3.463
3.448
3.436
3.42
3.407
3.391
3.377
3.364
3.352
3.333
3.311
3.288
3.27
3.252
3.206
3.182
3.146
3.137
3.1
3.075
3.041
3.015
2.993
2.968
2.945
2.912
2.897
2.852
2.827
2.805
2.798
2.798
2.827
2.827
2.854
2.87
2.876
2.892
2.903
2.92
2.93
2.94
2.956
2.971
2.977
2.993
3.01
3.022
3.033
3.044
3.056
3.056
3.056
3.056
3.056
3.056
3.056
3.056
3.056
3.056
3.056
3.056
3.056
3.056
3.056
3.056
3.056
3.056
3.056
3.056
3.056
3.066
3.073
3.083
3.091
3.096
3.102
3.117
3.117
3.132
3.135
3.149
3.157
3.157
3.172
3.182
3.19
3.197
3.207
3.213
3.22
3.208
3.199
3.192
3.192
3.181
3.167
3.161
3.155
3.143
3.136
3.125
3.118
3.115
3.104
3.094
3.087
3.08
3.07
3.062
3.052
3.037
3.025
3.013
3.006
2.983
2.97
2.959
2.948
2.936
2.918
2.905
2.905
2.875
2.863
2.849
2.849
2.826
2.811
2.796
2.778
2.752
2.752
2.717
2.668
2.648
2.62
2.596
2.573
2.535
2.513
2.477
2.453
2.424
2.403
2.369
2.369
2.309
2.284
2.259
2.224
2.211
2.176
2.137
2.112
2.087
2.087
2.023
1.999
1.97
1.97
1.914
1.898
1.853
1.828
1.797
1.777
1.74
1.716
1.702
1.662
1.649
1.637
1.625
1.607
1.594
1.579
1.564
1.552
1.54
1.522
1.51
1.505
1.487
1.473
1.456
1.44
1.431
1.412
1.401
1.389
1.414
1.453
1.475
1.499
1.53
1.552
1.552
1.61
1.634
1.67
1.694
1.726
1.752
1.767
1.786
1.827
1.863
1.886
1.908
1.944
1.964
2.015
2.07
2.108
2.143
2.169
2.233
2.268
2.307
2.364
2.364
2.427
2.478
2.531
2.57
2.585
2.644
2.693
2.714
2.778
2.814
2.854
2.925
2.938
3.0
3.022
3.104
3.125
3.187
3.247
3.296
3.35
3.393
3.433
3.495
3.537
3.537
3.622
3.651
3.708
3.755
3.776
3.794
3.82
3.838
3.866
3.884
3.903
3.92
3.95
3.967
3.985
4.004
4.022
4.041
4.069
4.087
4.106
4.134
4.15
4.173
4.185
4.191
4.215
4.231
4.243
4.259
4.267
4.287
4.29
4.31
4.326
4.334
4.356
4.366
4.381
4.394
4.413
4.413
4.413
4.455
4.467
4.467
4.498
4.509
4.521
4.537
4.551
4.564
4.578
4.595
4.606
4.612
4.637
4.642
4.66
4.67
4.692
4.704
4.716
4.727
4.746
4.758
4.77
4.788
4.795
4.811
4.818
4.837
4.855
4.86
4.884
4.896
4.907
4.923
4.939
4.951
4.963
4.963
4.963
4.995
4.979
4.975
4.957
4.945
4.926
4.914
4.903
4.885
4.873
4.873
4.842
4.829
4.818
4.8
4.787
4.787
4.763
4.751
4.733
4.722
4.683
4.661
4.627
4.603
4.578
4.554
4.516
4.496
4.459
4.429
4.403
4.378
4.353
4.327
4.306
4.265
4.24
4.203
4.174
4.149
4.101
4.067
4.067
3.985
3.985
3.916
3.881
3.849
3.8
3.761
3.749
3.682
3.661
3.614
3.564
3.528
3.494
3.46
3.409
3.409
3.336
3.346
3.357
3.377
3.396
3.401
3.42
3.434
3.451
3.464
3.47
3.494
3.506
3.506
3.537
3.549
3.562
3.58
3.582
3.598
3.611
3.648
3.685
3.685
3.735
3.774
3.797
3.832
3.858
3.858
3.911
3.943
3.972
3.982
4.031
4.056
4.085
4.117
4.117
4.167
4.179
4.198
4.21
4.224
4.233
4.251
4.267
4.278
4.294
4.308
4.32
4.332
4.347
4.351
4.377
4.38
4.398
4.416
4.429
4.444
4.444
4.444
4.444
4.444
4.444
4.444
4.444
4.444
4.444
4.444
4.444
4.444
4.444
4.444
4.444
4.444
4.444
4.444
4.444
4.444
4.46
4.474
4.486
4.497
4.514
4.527
4.542
4.546
4.563
4.575
4.592
4.605
4.611
4.634
4.642
4.663
4.674
4.69
4.69
4.711
4.722
4.722
4.722
4.722
4.722
4.722
4.722
4.722
4.722
4.722
4.722
4.722
4.722
4.722
4.722
4.722
4.722
4.722
4.722
4.722
4.722
4.735
4.754
4.766
4.779
4.79
4.81
4.822
4.834
4.855
4.86
4.879
4.897
4.909
4.915
4.934
4.952
4.965
4.977
4.99
5.01
5.021
5.038
5.044
5.062
5.075
5.092
5.098
5.122
5.135
5.151
5.154
5.177
5.177
5.196
5.208
5.229
5.246
5.26
5.272
5.275
5.275
5.276
5.276
5.276
5.276
5.276
5.276
5.276
5.276
5.277
5.277
5.277
5.277
5.277
5.277
5.277
5.277
5.277
5.278
5.278
5.268
5.254
5.254
5.222
5.22
5.2
5.188
5.188
5.158
5.14
5.128
5.116
5.103
5.086
5.074
5.06
5.044
5.031
5.017
5.017
4.974
4.95
4.925
4.888
4.872
4.831
4.799
4.793
4.749
4.72
4.685
4.672
4.635
4.612
4.571
4.547
4.531
4.483
4.466
4.412
4.386
4.268
4.219
4.155
4.095
4.044
3.955
3.878
3.828
3.75
3.72
3.614
3.548
3.487
3.436
3.349
3.293
3.226
3.172
3.085
3.076
3.056
3.043
3.021
3.007
2.991
2.979
2.958
2.945
2.929
2.911
2.898
2.883
2.863
2.849
2.841
2.822
2.801
2.791
2.778
2.778
2.778
2.778
2.778
2.778
2.778
2.778
2.778
2.778
2.778
2.778
2.778
2.778
2.778
2.778
2.778
2.778
2.778